image_width: 1920
image_height: 1080
camera_name: head_camera
camera_matrix:
  rows: 3
  cols: 3
  data: [1461.708586854656, 0, 982.4229754164918, 0, 1462.307679707355, 598.0167666626863, 0, 0, 1]
distortion_model: plumb_bob
distortion_coefficients:
  rows: 1
  cols: 5
  data: [0.04197236920221722, -0.07972668762969087, 0.007373566128012313, 0.006351694160166592, 0]
rectification_matrix:
  rows: 3
  cols: 3
  data: [1, 0, 0, 0, 1, 0, 0, 0, 1]
projection_matrix:
  rows: 3
  cols: 4
  data: [1467.950561523438, 0, 995.8359325040146, 0, 0, 1477.469970703125, 605.019818218585, 0, 0, 0, 1, 0]